%  OpenEphys config [25 27	29	31	17	19	21	23	26	28	30	32 ...
%     18	20	22	24	10	12	14	16	2	4	6	8	9	11	13 ...
%     15	1	3	5	7	57	59	61	63	49	51	53	55	58	60 ...
%     62	64	34	36	38	40	42	44	46	48	41	43	45	47	33 ...
%     35	37	39	50	52	54	56];
tetConfig = [18 20	22	25	9	11	14	16	19	21	24	26	10	13 ...
    15	17	2	4	6	8	12	34	56	63	64	3	5	7	1	23 ...
    45	62	53	55	58	60	44	47	49	51	54	57	59	61	28	30 ...
    32	35	37	39	41	43	36	38	40	42	27	29	31	33	46	48 ...
    50 52]';
%% 32 Ch 8 Tetrodes
% [25 27 29	31	17	19	21	23	26	28	30	32 ...
% 18	20	22	24	10	12	14	16	2	4	6	8	9	11	13 ...
% 15	1	3	5	7];
tetConfig = [18 20 22 25 9 11 14 16 19 21 24 26 10 13 15 17 2 4 6 8 12 ...
    27 29 31 32 3 5 7 1 23 28 30]';

%% Tetrode Configuration First 16 tetrodes
tetConfig = [25 27	29	31	17	19	21	23	26	28	30	32 ...
    18	20	22	24	10	12	14	16	2	4	6	8	9	11	13 ...
    15	1	3	5	7]';

%%
tetConfig = [1 3 5 7 2 4 6 8]';

%%
%% Tetrode Configuration First 16 tetrodes
tetConfig = [	10	12	14	16	2	4	6	8	9	11	13 ...
    15	1	3	5	7]';